1,-50.000000,0.000000,0.000000
2,-50.000000,-0.000000,-1.142857
3,-50.000000,-0.000000,-2.285714
4,-50.000000,-0.000000,-3.428571
5,-50.000000,-0.000000,-4.571429
6,-50.000000,-0.000000,-5.714286
7,-50.000000,-0.000000,-6.857143
8,-50.000000,-0.000000,-8.000000
9,-40.000000,-2.030400,0.000000
10,-40.000000,-1.988963,-1.142857
11,-40.000000,-1.864653,-2.285714
12,-40.000000,-1.657469,-3.428571
13,-40.000000,-1.367412,-4.571429
14,-40.000000,-0.994482,-5.714286
15,-40.000000,-0.538678,-6.857143
16,-40.000000,-0.000000,-8.000000
17,-30.000000,-3.430400,0.000000
18,-30.000000,-3.360392,-1.142857
19,-30.000000,-3.150367,-2.285714
20,-30.000000,-2.800327,-3.428571
21,-30.000000,-2.310269,-4.571429
22,-30.000000,-1.680196,-5.714286
23,-30.000000,-0.910106,-6.857143
24,-30.000000,-0.000000,-8.000000
25,-20.000000,-4.334400,0.000000
26,-20.000000,-4.245943,-1.142857
27,-20.000000,-3.980571,-2.285714
28,-20.000000,-3.538286,-3.428571
29,-20.000000,-2.919086,-4.571429
30,-20.000000,-2.122971,-5.714286
31,-20.000000,-1.149943,-6.857143
32,-20.000000,-0.000000,-8.000000
33,-10.000000,-4.838400,0.000000
34,-10.000000,-4.739657,-1.142857
35,-10.000000,-4.443429,-2.285714
36,-10.000000,-3.949714,-3.428571
37,-10.000000,-3.258514,-4.571429
38,-10.000000,-2.369829,-5.714286
39,-10.000000,-1.283657,-6.857143
40,-10.000000,-0.000000,-8.000000
41,0.000000,-5.000000,0.000000
42,0.000000,-4.897959,-1.142857
43,0.000000,-4.591837,-2.285714
44,0.000000,-4.081633,-3.428571
45,0.000000,-3.367347,-4.571429
46,0.000000,-2.448980,-5.714286
47,0.000000,-1.326531,-6.857143
48,0.000000,-0.000000,-8.000000
49,10.000000,-4.838400,0.000000
50,10.000000,-4.739657,-1.142857
51,10.000000,-4.443429,-2.285714
52,10.000000,-3.949714,-3.428571
53,10.000000,-3.258514,-4.571429
54,10.000000,-2.369829,-5.714286
55,10.000000,-1.283657,-6.857143
56,10.000000,-0.000000,-8.000000
57,20.000000,-4.334400,0.000000
58,20.000000,-4.245943,-1.142857
59,20.000000,-3.980571,-2.285714
60,20.000000,-3.538286,-3.428571
61,20.000000,-2.919086,-4.571429
62,20.000000,-2.122971,-5.714286
63,20.000000,-1.149943,-6.857143
64,20.000000,-0.000000,-8.000000
65,30.000000,-3.430400,0.000000
66,30.000000,-3.360392,-1.142857
67,30.000000,-3.150367,-2.285714
68,30.000000,-2.800327,-3.428571
69,30.000000,-2.310269,-4.571429
70,30.000000,-1.680196,-5.714286
71,30.000000,-0.910106,-6.857143
72,30.000000,-0.000000,-8.000000
73,40.000000,-2.030400,0.000000
74,40.000000,-1.988963,-1.142857
75,40.000000,-1.864653,-2.285714
76,40.000000,-1.657469,-3.428571
77,40.000000,-1.367412,-4.571429
78,40.000000,-0.994482,-5.714286
79,40.000000,-0.538678,-6.857143
80,40.000000,-0.000000,-8.000000
81,50.000000,-0.000000,0.000000
82,50.000000,-0.000000,-1.142857
83,50.000000,-0.000000,-2.285714
84,50.000000,-0.000000,-3.428571
85,50.000000,-0.000000,-4.571429
86,50.000000,-0.000000,-5.714286
87,50.000000,-0.000000,-6.857143
88,50.000000,-0.000000,-8.000000

1,1,2,10,9
2,2,3,11,10
3,3,4,12,11
4,4,5,13,12
5,5,6,14,13
6,6,7,15,14
7,7,8,16,15
8,9,10,18,17
9,10,11,19,18
10,11,12,20,19
11,12,13,21,20
12,13,14,22,21
13,14,15,23,22
14,15,16,24,23
15,17,18,26,25
16,18,19,27,26
17,19,20,28,27
18,20,21,29,28
19,21,22,30,29
20,22,23,31,30
21,23,24,32,31
22,25,26,34,33
23,26,27,35,34
24,27,28,36,35
25,28,29,37,36
26,29,30,38,37
27,30,31,39,38
28,31,32,40,39
29,33,34,42,41
30,34,35,43,42
31,35,36,44,43
32,36,37,45,44
33,37,38,46,45
34,38,39,47,46
35,39,40,48,47
36,41,42,50,49
37,42,43,51,50
38,43,44,52,51
39,44,45,53,52
40,45,46,54,53
41,46,47,55,54
42,47,48,56,55
43,49,50,58,57
44,50,51,59,58
45,51,52,60,59
46,52,53,61,60
47,53,54,62,61
48,54,55,63,62
49,55,56,64,63
50,57,58,66,65
51,58,59,67,66
52,59,60,68,67
53,60,61,69,68
54,61,62,70,69
55,62,63,71,70
56,63,64,72,71
57,65,66,74,73
58,66,67,75,74
59,67,68,76,75
60,68,69,77,76
61,69,70,78,77
62,70,71,79,78
63,71,72,80,79
64,73,74,82,81
65,74,75,83,82
66,75,76,84,83
67,76,77,85,84
68,77,78,86,85
69,78,79,87,86
70,79,80,88,87
